    unsorted:	 2.777777778 2.777777778 2.777777778 2.777777778 2.777777777 4.884166214 4.857831976 4.820747868 4.561167628 2.509453022 8.475329004 17.94775719 22.02761488 27.05618404 61.24669745 60.03217672 54.71016038 43.13146259 76.32493712 96.17765957 93.62399696 99.63037200 102.4097657 109.1845590 129.2749547 139.6400558 163.5299777 182.9850594 192.1678668 197.4054071 217.3895596 237.7505410 263.0593375 295.2123854 311.3951506 331.4798986 347.3500712 365.6917821 377.3722709 394.1560838 405.0747133 417.5573026 448.8852504 464.8696942 594.8021546 756.1532203 1165.021361 1491.579870 2395.971575 2653.547024 2719.991808 2856.028476 2879.056535 2997.125144 3287.278439 3481.782077 3746.912163 4149.662376 4603.868667 4711.570385 5639.767697 5933.324150 6043.373669 6358.005138 6683.288416 6805.837497 7149.790021 7658.704735 7966.646982 8189.907970 10286.83773 10072.95391 10395.56169 10713.80624 11182.53432 11407.86740 11652.13300 12247.25697 12770.40627 12754.29278 13719.32321 14584.50536 14295.18571 14707.73506 15427.65571 16208.89480 18280.64174 19974.96201 21271.42267 22878.31471 23443.88335 26503.18047 27098.74979 27485.65622 30770.64535 41913.31631 44674.78903 47330.91156 48146.73843 58516.74704 72597.92230 80314.09283 83096.68385 95249.96097 100360.6560 107221.2920 109145.3620 110174.6434 120434.1324 141529.6123 149732.2542 156463.2580 178056.7069 201542.7938 258588.0968 305661.4024 339367.3708 447987.1379 624472.5785 698974.3467 972250.7242 1244887.019 1567345.430 1911944.321 1987064.630 2132553.961 2293306.690 2345561.461 2488350.085 2616145.394 2732361.850 2821721.708 2920272.839 2974082.545 3695591.919 4435930.313
      sorted:	 2.509453022 2.777777777 2.777777778 2.777777778 2.777777778 2.777777778 4.561167628 4.820747868 4.857831976 4.884166214 8.475329004 17.94775719 22.02761488 27.05618404 43.13146259 54.71016038 60.03217672 61.24669745 76.32493712 93.62399696 96.17765957 99.63037200 102.4097657 109.1845590 129.2749547 139.6400558 163.5299777 182.9850594 192.1678668 197.4054071 217.3895596 237.7505410 263.0593375 295.2123854 311.3951506 331.4798986 347.3500712 365.6917821 377.3722709 394.1560838 405.0747133 417.5573026 448.8852504 464.8696942 594.8021546 756.1532203 1165.021361 1491.579870 2395.971575 2653.547024 2719.991808 2856.028476 2879.056535 2997.125144 3287.278439 3481.782077 3746.912163 4149.662376 4603.868667 4711.570385 5639.767697 5933.324150 6043.373669 6358.005138 6683.288416 6805.837497 7149.790021 7658.704735 7966.646982 8189.907970 10072.95391 10286.83773 10395.56169 10713.80624 11182.53432 11407.86740 11652.13300 12247.25697 12754.29278 12770.40627 13719.32321 14295.18571 14584.50536 14707.73506 15427.65571 16208.89480 18280.64174 19974.96201 21271.42267 22878.31471 23443.88335 26503.18047 27098.74979 27485.65622 30770.64535 41913.31631 44674.78903 47330.91156 48146.73843 58516.74704 72597.92230 80314.09283 83096.68385 95249.96097 100360.6560 107221.2920 109145.3620 110174.6434 120434.1324 141529.6123 149732.2542 156463.2580 178056.7069 201542.7938 258588.0968 305661.4024 339367.3708 447987.1379 624472.5785 698974.3467 972250.7242 1244887.019 1567345.430 1911944.321 1987064.630 2132553.961 2293306.690 2345561.461 2488350.085 2616145.394 2732361.850 2821721.708 2920272.839 2974082.545 3695591.919 4435930.313
