    unsorted:	 2.777777778 2.777777778 2.777777778 2.777777778 2.777777777 4.814946840 4.798412874 4.877766905 4.548877522 2.601881618 8.977748435 16.72835763 24.44513444 27.78713752 62.54964780 61.33457196 47.30454738 67.56613440 94.35344854 95.87429383 100.3006871 106.6250637 114.4782440 126.6923560 129.7442140 143.2768269 167.4072020 184.7718493 196.5388996 201.2563460 220.5591131 241.8681496 243.9202257 264.4285893 299.1672027 316.7887973 333.8713314 367.1945933 380.3348246 399.4512202 419.8011300 433.1790707 454.3109133 467.3253223 613.0023677 779.5747901 1184.899704 1501.179941 2639.006130 2626.935199 2657.509106 2679.921616 2531.089417 2763.341605 2347.721615 3070.901582 3311.529671 3422.474671 3800.231918 4266.709010 4417.977663 4618.301085 5945.632652 5608.950945 5798.823088 6044.147728 6457.995769 6414.034024 7286.928598 7747.829727 8219.477063 8529.965946 8753.151774 10301.05640 10397.46981 10651.35273 10894.86904 10864.92968 11129.20610 11828.36431 12033.43211 12585.40945 13155.16455 13566.81402 13743.58948 14163.23197 14898.04544 15107.47845 15307.46925 15535.84434 16419.96747 16740.35927 18886.93614 21416.38544 21472.73972 23060.69508 23332.23374 26394.19122 26496.02907 27184.43194 28687.37078 30964.11188 32525.59223 36888.78296 42907.20268 44224.48916 48262.07372 52887.79537 58937.97042 80040.56072 90081.71400 95850.42439 109267.8053 118337.8033 124742.0831 131924.7944 138974.0599 152291.5123 172360.2214 191401.9304 209395.7997 245615.2326 254176.8296 332610.9142 390589.9616 431380.5341 596797.9539 766714.1951 916712.0045 938966.4856 1141460.765 1259496.316 1357039.790 1449801.112 1557573.211 1687159.551 1850488.933 1889955.392 1946598.115 2025542.729 2100954.694 2236447.768 2344029.624 2402349.351 2465946.230 2522482.504 2584959.684 2582024.658 2678050.950 2695656.281 3091569.701 3170998.588 4002659.380 16544017.63
      sorted:	 2.601881618 2.777777777 2.777777778 2.777777778 2.777777778 2.777777778 4.548877522 4.798412874 4.814946840 4.877766905 8.977748435 16.72835763 24.44513444 27.78713752 47.30454738 61.33457196 62.54964780 67.56613440 94.35344854 95.87429383 100.3006871 106.6250637 114.4782440 126.6923560 129.7442140 143.2768269 167.4072020 184.7718493 196.5388996 201.2563460 220.5591131 241.8681496 243.9202257 264.4285893 299.1672027 316.7887973 333.8713314 367.1945933 380.3348246 399.4512202 419.8011300 433.1790707 454.3109133 467.3253223 613.0023677 779.5747901 1184.899704 1501.179941 2347.721615 2531.089417 2626.935199 2639.006130 2657.509106 2679.921616 2763.341605 3070.901582 3311.529671 3422.474671 3800.231918 4266.709010 4417.977663 4618.301085 5608.950945 5798.823088 5945.632652 6044.147728 6414.034024 6457.995769 7286.928598 7747.829727 8219.477063 8529.965946 8753.151774 10301.05640 10397.46981 10651.35273 10864.92968 10894.86904 11129.20610 11828.36431 12033.43211 12585.40945 13155.16455 13566.81402 13743.58948 14163.23197 14898.04544 15107.47845 15307.46925 15535.84434 16419.96747 16740.35927 18886.93614 21416.38544 21472.73972 23060.69508 23332.23374 26394.19122 26496.02907 27184.43194 28687.37078 30964.11188 32525.59223 36888.78296 42907.20268 44224.48916 48262.07372 52887.79537 58937.97042 80040.56072 90081.71400 95850.42439 109267.8053 118337.8033 124742.0831 131924.7944 138974.0599 152291.5123 172360.2214 191401.9304 209395.7997 245615.2326 254176.8296 332610.9142 390589.9616 431380.5341 596797.9539 766714.1951 916712.0045 938966.4856 1141460.765 1259496.316 1357039.790 1449801.112 1557573.211 1687159.551 1850488.933 1889955.392 1946598.115 2025542.729 2100954.694 2236447.768 2344029.624 2402349.351 2465946.230 2522482.504 2582024.658 2584959.684 2678050.950 2695656.281 3091569.701 3170998.588 4002659.380 16544017.63
