    unsorted:	 2.777777778 2.777777778 2.777777778 2.777777777 2.777777777 4.883571252 4.865234023 4.819894610 4.559021960 2.534360843 8.526975961 18.05323579 21.91528240 27.05811026 61.28108747 60.31251252 56.71101846 44.03810373 96.25849501 93.92531061 102.4510584 84.02831335 108.7676283 110.7125215 129.2574259 139.8493270 163.6577853 183.6081621 193.3909622 206.0270712 217.6333789 237.8419655 263.0179586 295.2441830 312.0344492 310.8470601 331.7427606 365.6103514 377.3161630 394.3615003 410.1765627 418.2638661 449.1000476 464.8958257 595.2573403 761.8236498 1170.038003 1493.217608 2371.480658 2653.430315 2693.419636 2832.472047 2862.405826 2975.043730 3267.976097 3376.899618 3857.550500 4262.694183 4520.657145 4703.020042 5919.140480 5984.168422 5771.650257 6253.718021 6490.486685 6574.021392 7492.303312 7926.786852 8018.418255 8229.949499 8941.857105 10012.71640 10320.75962 10695.56471 10613.09747 10836.68203 11754.15956 12249.28990 12379.19702 12717.85784 12821.30465 13235.48388 14582.54869 14627.74989 15431.46494 15707.82004 16403.22483 18811.33603 20675.49122 22074.45463 22593.16551 23332.35287 24291.60750 26635.46822 27140.78421 30711.09153 32479.23901 41703.12171 43809.37688 47469.48078 49409.05619 58375.96004 71734.20272 80050.24836 82783.19939 95427.80596 100589.3363 105803.3905 107912.8563 110083.0322 117165.0677 142315.5499 150637.4757 156202.7019 179419.1676 202854.1448 260486.3982 307557.3015 338421.0063 447783.3279 625581.8272 698542.4329 913267.6955 1092781.645 1272169.513 1448490.523 1737351.884 1826773.481 1951691.862 2067833.221 2111006.297 2285077.693 2448872.667 2537848.051 2584461.202 2671766.563 2770245.079 3067610.858 3559020.387 4432030.484
      sorted:	 2.534360843 2.777777777 2.777777777 2.777777778 2.777777778 2.777777778 4.559021960 4.819894610 4.865234023 4.883571252 8.526975961 18.05323579 21.91528240 27.05811026 44.03810373 56.71101846 60.31251252 61.28108747 84.02831335 93.92531061 96.25849501 102.4510584 108.7676283 110.7125215 129.2574259 139.8493270 163.6577853 183.6081621 193.3909622 206.0270712 217.6333789 237.8419655 263.0179586 295.2441830 310.8470601 312.0344492 331.7427606 365.6103514 377.3161630 394.3615003 410.1765627 418.2638661 449.1000476 464.8958257 595.2573403 761.8236498 1170.038003 1493.217608 2371.480658 2653.430315 2693.419636 2832.472047 2862.405826 2975.043730 3267.976097 3376.899618 3857.550500 4262.694183 4520.657145 4703.020042 5771.650257 5919.140480 5984.168422 6253.718021 6490.486685 6574.021392 7492.303312 7926.786852 8018.418255 8229.949499 8941.857105 10012.71640 10320.75962 10613.09747 10695.56471 10836.68203 11754.15956 12249.28990 12379.19702 12717.85784 12821.30465 13235.48388 14582.54869 14627.74989 15431.46494 15707.82004 16403.22483 18811.33603 20675.49122 22074.45463 22593.16551 23332.35287 24291.60750 26635.46822 27140.78421 30711.09153 32479.23901 41703.12171 43809.37688 47469.48078 49409.05619 58375.96004 71734.20272 80050.24836 82783.19939 95427.80596 100589.3363 105803.3905 107912.8563 110083.0322 117165.0677 142315.5499 150637.4757 156202.7019 179419.1676 202854.1448 260486.3982 307557.3015 338421.0063 447783.3279 625581.8272 698542.4329 913267.6955 1092781.645 1272169.513 1448490.523 1737351.884 1826773.481 1951691.862 2067833.221 2111006.297 2285077.693 2448872.667 2537848.051 2584461.202 2671766.563 2770245.079 3067610.858 3559020.387 4432030.484
