    unsorted:	 2.777777778 2.777777778 2.777777778 2.777777777 2.777777778 4.882888889 4.878122471 4.818761768 4.556018055 2.533044505 8.539839523 18.06085810 21.84746785 27.06002877 61.27117265 61.61380865 58.84364499 44.72718626 94.96757317 97.30710199 92.22407700 103.0704422 109.2659241 117.2692775 129.2052143 140.0826649 163.8036707 183.7875545 193.6235671 216.4448828 218.9331872 238.1847637 263.0658715 295.2846496 312.1660207 314.9203010 331.7661516 365.6272771 377.3436523 394.7484311 414.1351020 419.3836360 449.3130489 464.9834828 596.0652074 768.8745250 1174.642756 1495.028567 2648.729590 2658.770963 2345.446729 2799.867994 2839.451460 2844.993653 2949.065767 3246.212371 3394.573020 3846.705825 4433.983259 4520.419107 4721.060717 5934.334650 5817.086050 6196.864404 6310.352098 6541.086178 7057.202958 7181.871530 7918.160699 8073.984147 8483.765002 9169.583460 10239.57579 10374.36512 10747.76094 10782.17002 10820.60611 11901.28553 11944.32342 12289.26688 12696.09585 13159.64899 13392.19748 14094.92849 14626.52812 14682.23245 15523.49285 15810.05670 16555.86179 18900.22842 20818.26285 20997.11837 22570.67229 23378.87548 24839.00520 26545.60163 26749.57322 26858.51266 27571.73967 30759.40466 41717.31173 43886.62031 47678.77957 48712.97957 58485.67730 72555.75458 81126.18579 84100.94132 96961.49359 102317.5533 106335.0231 110073.2370 112157.0482 118052.1456 145025.2908 153537.1393 158519.4221 183896.1322 207036.8850 266111.5610 313698.1879 341292.1555 454149.3684 635350.1592 709702.6567 866996.0428 1040325.089 1193808.577 1356230.688 1626156.156 1747872.077 1829225.495 1859778.495 1931918.482 1980748.027 2041535.179 2165760.619 2305325.855 2402261.582 2439221.110 2470335.468 2515307.572 2729529.422 2877788.518 3516475.594 4603318.376
      sorted:	 2.533044505 2.777777777 2.777777778 2.777777778 2.777777778 2.777777778 4.556018055 4.818761768 4.878122471 4.882888889 8.539839523 18.06085810 21.84746785 27.06002877 44.72718626 58.84364499 61.27117265 61.61380865 92.22407700 94.96757317 97.30710199 103.0704422 109.2659241 117.2692775 129.2052143 140.0826649 163.8036707 183.7875545 193.6235671 216.4448828 218.9331872 238.1847637 263.0658715 295.2846496 312.1660207 314.9203010 331.7661516 365.6272771 377.3436523 394.7484311 414.1351020 419.3836360 449.3130489 464.9834828 596.0652074 768.8745250 1174.642756 1495.028567 2345.446729 2648.729590 2658.770963 2799.867994 2839.451460 2844.993653 2949.065767 3246.212371 3394.573020 3846.705825 4433.983259 4520.419107 4721.060717 5817.086050 5934.334650 6196.864404 6310.352098 6541.086178 7057.202958 7181.871530 7918.160699 8073.984147 8483.765002 9169.583460 10239.57579 10374.36512 10747.76094 10782.17002 10820.60611 11901.28553 11944.32342 12289.26688 12696.09585 13159.64899 13392.19748 14094.92849 14626.52812 14682.23245 15523.49285 15810.05670 16555.86179 18900.22842 20818.26285 20997.11837 22570.67229 23378.87548 24839.00520 26545.60163 26749.57322 26858.51266 27571.73967 30759.40466 41717.31173 43886.62031 47678.77957 48712.97957 58485.67730 72555.75458 81126.18579 84100.94132 96961.49359 102317.5533 106335.0231 110073.2370 112157.0482 118052.1456 145025.2908 153537.1393 158519.4221 183896.1322 207036.8850 266111.5610 313698.1879 341292.1555 454149.3684 635350.1592 709702.6567 866996.0428 1040325.089 1193808.577 1356230.688 1626156.156 1747872.077 1829225.495 1859778.495 1931918.482 1980748.027 2041535.179 2165760.619 2305325.855 2402261.582 2439221.110 2470335.468 2515307.572 2729529.422 2877788.518 3516475.594 4603318.376
