    unsorted:	 2.777777777 2.777777777 2.777777778 2.777777778 2.777777778 4.883421812 4.870075428 4.821784273 4.570582423 2.638548401 8.858763186 16.86556175 27.74279878 22.86741505 62.34747685 61.50538006 60.14046482 45.18397784 94.38614109 96.06075801 90.43490735 103.3632673 112.7607519 122.2085959 129.4854000 141.0670343 165.0647164 174.5973249 184.3263068 196.7248040 218.4779589 229.1844966 239.4289681 263.2351663 298.2673645 313.6641645 332.3240952 365.7711208 379.5933757 395.5011513 417.2175146 427.3970042 450.3523369 464.9542527 593.8365255 775.1689995 1179.863266 1496.746450 1548.652989 1575.671869 2099.820121 2147.044108 2547.969730 2582.919517 2719.163852 2775.253836 2787.827480 2852.723682 2904.132625 3149.352523 3599.472042 4532.335819 4574.750603 4214.128240 4764.851930 4994.885633 5164.506252 5749.525171 5864.572903 6009.737181 6504.142750 6932.713451 7859.595511 8105.784712 8175.408503 8414.019576 8485.981050 9250.304106 9841.484260 10161.84296 10599.36958 10950.14839 11377.73539 12127.21797 12547.30837 12835.76785 13840.96530 14044.27216 14222.92630 14433.16446 14759.46949 15544.21361 17656.13890 20651.54927 20779.44163 22516.70991 23156.47507 25016.84828 26232.53615 27731.99634 28130.37388 30698.65407 33274.71823 36244.57303 40827.36977 43393.67540 47091.75365 48915.59902 59848.85760 71609.81026 80635.95774 84339.85697 97461.16074 100172.1799 104106.2044 110060.4152 111949.0192 114983.4277 144456.0122 155452.0826 158767.6937 185296.0665 209861.0753 270757.3175 317142.6163 344489.7578 450162.9865 638314.8563 698834.2199 782025.9573 957438.6116 1054802.891 1150757.752 1229640.507 1346382.878 1422557.147 1561682.388 1613193.773 1664734.877 1728105.165 1793926.732 1884623.997 2001081.185 2052853.295 2086653.844 2137247.664 2185155.511 2215432.863 2212088.653 2245042.721 2548986.979 2647717.270 3241723.506 4682415.240
      sorted:	 2.638548401 2.777777777 2.777777777 2.777777778 2.777777778 2.777777778 4.570582423 4.821784273 4.870075428 4.883421812 8.858763186 16.86556175 22.86741505 27.74279878 45.18397784 60.14046482 61.50538006 62.34747685 90.43490735 94.38614109 96.06075801 103.3632673 112.7607519 122.2085959 129.4854000 141.0670343 165.0647164 174.5973249 184.3263068 196.7248040 218.4779589 229.1844966 239.4289681 263.2351663 298.2673645 313.6641645 332.3240952 365.7711208 379.5933757 395.5011513 417.2175146 427.3970042 450.3523369 464.9542527 593.8365255 775.1689995 1179.863266 1496.746450 1548.652989 1575.671869 2099.820121 2147.044108 2547.969730 2582.919517 2719.163852 2775.253836 2787.827480 2852.723682 2904.132625 3149.352523 3599.472042 4214.128240 4532.335819 4574.750603 4764.851930 4994.885633 5164.506252 5749.525171 5864.572903 6009.737181 6504.142750 6932.713451 7859.595511 8105.784712 8175.408503 8414.019576 8485.981050 9250.304106 9841.484260 10161.84296 10599.36958 10950.14839 11377.73539 12127.21797 12547.30837 12835.76785 13840.96530 14044.27216 14222.92630 14433.16446 14759.46949 15544.21361 17656.13890 20651.54927 20779.44163 22516.70991 23156.47507 25016.84828 26232.53615 27731.99634 28130.37388 30698.65407 33274.71823 36244.57303 40827.36977 43393.67540 47091.75365 48915.59902 59848.85760 71609.81026 80635.95774 84339.85697 97461.16074 100172.1799 104106.2044 110060.4152 111949.0192 114983.4277 144456.0122 155452.0826 158767.6937 185296.0665 209861.0753 270757.3175 317142.6163 344489.7578 450162.9865 638314.8563 698834.2199 782025.9573 957438.6116 1054802.891 1150757.752 1229640.507 1346382.878 1422557.147 1561682.388 1613193.773 1664734.877 1728105.165 1793926.732 1884623.997 2001081.185 2052853.295 2086653.844 2137247.664 2185155.511 2212088.653 2215432.863 2245042.721 2548986.979 2647717.270 3241723.506 4682415.240
