    unsorted:	 2.777777777 2.777777777 2.777777778 2.777777778 2.777777778 4.884053638 4.866962187 4.822473374 4.574353887 2.682078342 8.938761274 18.55955514 24.31552250 27.72451634 62.14529069 61.58127460 47.89788582 67.75595322 94.74141995 96.05636204 100.6851781 105.8280180 114.0163717 126.6640501 130.2030292 142.2703035 166.0863928 184.4213711 197.1933860 219.1903557 232.7336380 240.2496620 263.9098173 259.5426929 298.6040724 314.6448513 332.7915504 366.3288530 379.9521899 396.8312441 417.9999767 431.6026482 451.7457867 465.4645363 597.7776581 778.5587534 1183.493241 1500.797721 2657.973578 2595.998931 2678.829967 2741.370258 2787.755714 2364.076234 2896.464619 3218.039256 3320.764503 3537.484129 3857.406769 4272.527378 4472.903959 4680.429923 5595.771523 5769.186057 6029.460361 6126.138567 6350.922560 6621.446925 7277.743282 7552.537749 8169.023026 8310.523042 8631.855861 9438.118172 10885.65298 10901.22488 10779.07737 10726.70101 10314.84215 11907.70593 11749.49059 12403.31097 13157.55956 13642.99230 13545.49852 14184.99237 14804.17354 14901.76255 15556.28090 15634.15972 16547.73888 16713.10390 18888.88623 21359.71041 21514.96525 23081.06409 23868.01918 26216.39181 26717.15431 27594.20014 28470.42552 31022.24280 32893.57080 37001.55095 42557.73706 44491.97891 49012.65236 51101.63573 59128.26757 76417.03061 85400.58789 89033.64086 102236.1141 112397.5401 116511.6382 120021.6426 126582.1017 131983.2001 158435.1064 168541.6647 183099.9676 214278.7409 228960.9544 297160.4048 344928.9535 373230.0186 514675.6940 693493.0402 805838.9845 912547.0399 1092541.890 1230755.608 1348590.829 1439485.922 1592789.037 1673801.508 1830633.058 1909626.455 1969665.021 2041783.304 2102419.652 2211201.450 2353642.557 2413806.861 2467222.838 2512411.529 2550771.239 2575660.570 2603970.713 2633537.018 2957899.916 3126451.540 3753397.475 5062456.114
      sorted:	 2.682078342 2.777777777 2.777777777 2.777777778 2.777777778 2.777777778 4.574353887 4.822473374 4.866962187 4.884053638 8.938761274 18.55955514 24.31552250 27.72451634 47.89788582 61.58127460 62.14529069 67.75595322 94.74141995 96.05636204 100.6851781 105.8280180 114.0163717 126.6640501 130.2030292 142.2703035 166.0863928 184.4213711 197.1933860 219.1903557 232.7336380 240.2496620 259.5426929 263.9098173 298.6040724 314.6448513 332.7915504 366.3288530 379.9521899 396.8312441 417.9999767 431.6026482 451.7457867 465.4645363 597.7776581 778.5587534 1183.493241 1500.797721 2364.076234 2595.998931 2657.973578 2678.829967 2741.370258 2787.755714 2896.464619 3218.039256 3320.764503 3537.484129 3857.406769 4272.527378 4472.903959 4680.429923 5595.771523 5769.186057 6029.460361 6126.138567 6350.922560 6621.446925 7277.743282 7552.537749 8169.023026 8310.523042 8631.855861 9438.118172 10314.84215 10726.70101 10779.07737 10885.65298 10901.22488 11749.49059 11907.70593 12403.31097 13157.55956 13545.49852 13642.99230 14184.99237 14804.17354 14901.76255 15556.28090 15634.15972 16547.73888 16713.10390 18888.88623 21359.71041 21514.96525 23081.06409 23868.01918 26216.39181 26717.15431 27594.20014 28470.42552 31022.24280 32893.57080 37001.55095 42557.73706 44491.97891 49012.65236 51101.63573 59128.26757 76417.03061 85400.58789 89033.64086 102236.1141 112397.5401 116511.6382 120021.6426 126582.1017 131983.2001 158435.1064 168541.6647 183099.9676 214278.7409 228960.9544 297160.4048 344928.9535 373230.0186 514675.6940 693493.0402 805838.9845 912547.0399 1092541.890 1230755.608 1348590.829 1439485.922 1592789.037 1673801.508 1830633.058 1909626.455 1969665.021 2041783.304 2102419.652 2211201.450 2353642.557 2413806.861 2467222.838 2512411.529 2550771.239 2575660.570 2603970.713 2633537.018 2957899.916 3126451.540 3753397.475 5062456.114
