    unsorted:	 2.777777778 2.777777777 2.777777778 2.777777778 2.777777779 4.882870136 4.876461908 4.818790583 4.556051270 2.532729895 8.538821806 18.05911738 21.84550159 27.05775725 61.30102322 61.18453876 58.61149207 44.61114819 102.8637046 94.68043796 96.87755252 91.55126137 109.2622468 117.6666692 129.1978570 140.0287057 163.7705877 183.7728892 193.6129259 215.6450037 218.3421773 238.1184502 263.0691391 295.3125637 312.1259749 331.5034438 365.6341477 354.6596303 377.3514976 394.7073278 414.7360385 420.4055016 449.2851366 464.9841324 596.0157479 768.9150468 1174.936230 1495.083493 2653.449460 2659.933327 2342.080395 2802.375900 2841.193030 2947.415473 3245.497567 3370.606136 3837.856711 4339.474670 4503.081932 4704.790427 5911.601416 5823.654119 6233.062003 6511.086915 7048.638991 7174.912985 7726.560606 7917.254249 8064.881619 8467.305325 9465.428276 10207.35456 10735.10759 10783.18144 10399.26570 10993.75259 11890.99023 11773.10405 12282.32525 12643.42274 12771.25697 13376.49049 14013.97622 14624.19008 14588.02513 14745.32179 15504.73075 16529.36676 18801.60362 19526.78745 20842.60649 22552.44169 23360.01112 24718.75337 26745.18546 26842.54613 26580.29641 27586.95627 30755.23538 41689.90331 43888.89681 47638.61190 48738.15815 58455.90540 72325.94535 80914.72580 83928.44018 96789.73064 102036.2437 105900.1164 109827.9182 111889.3142 117508.5300 144795.3108 153261.8167 158218.2723 183488.8259 206675.7204 265667.7409 313288.9671 341471.6938 453498.4720 634450.6631 708219.4657 862928.7143 1038432.348 1192596.868 1356636.046 1621205.872 1743010.526 1839993.444 1918831.573 1969805.919 2032725.222 2149652.350 2289807.772 2386815.330 2425144.374 2455258.716 2501279.469 2709985.390 2862199.760 3487172.088 4528291.249
      sorted:	 2.532729895 2.777777777 2.777777778 2.777777778 2.777777778 2.777777779 4.556051270 4.818790583 4.876461908 4.882870136 8.538821806 18.05911738 21.84550159 27.05775725 44.61114819 58.61149207 61.18453876 61.30102322 91.55126137 94.68043796 96.87755252 102.8637046 109.2622468 117.6666692 129.1978570 140.0287057 163.7705877 183.7728892 193.6129259 215.6450037 218.3421773 238.1184502 263.0691391 295.3125637 312.1259749 331.5034438 354.6596303 365.6341477 377.3514976 394.7073278 414.7360385 420.4055016 449.2851366 464.9841324 596.0157479 768.9150468 1174.936230 1495.083493 2342.080395 2653.449460 2659.933327 2802.375900 2841.193030 2947.415473 3245.497567 3370.606136 3837.856711 4339.474670 4503.081932 4704.790427 5823.654119 5911.601416 6233.062003 6511.086915 7048.638991 7174.912985 7726.560606 7917.254249 8064.881619 8467.305325 9465.428276 10207.35456 10399.26570 10735.10759 10783.18144 10993.75259 11773.10405 11890.99023 12282.32525 12643.42274 12771.25697 13376.49049 14013.97622 14588.02513 14624.19008 14745.32179 15504.73075 16529.36676 18801.60362 19526.78745 20842.60649 22552.44169 23360.01112 24718.75337 26580.29641 26745.18546 26842.54613 27586.95627 30755.23538 41689.90331 43888.89681 47638.61190 48738.15815 58455.90540 72325.94535 80914.72580 83928.44018 96789.73064 102036.2437 105900.1164 109827.9182 111889.3142 117508.5300 144795.3108 153261.8167 158218.2723 183488.8259 206675.7204 265667.7409 313288.9671 341471.6938 453498.4720 634450.6631 708219.4657 862928.7143 1038432.348 1192596.868 1356636.046 1621205.872 1743010.526 1839993.444 1918831.573 1969805.919 2032725.222 2149652.350 2289807.772 2386815.330 2425144.374 2455258.716 2501279.469 2709985.390 2862199.760 3487172.088 4528291.249
