    unsorted:	 2.777777778 2.777777778 2.777777778 2.777777778 2.777777777 4.884162435 4.865007836 4.820801460 4.561237117 2.496877219 8.457374901 17.72699858 21.89912061 27.08871876 61.28080623 60.08939279 55.27345657 43.48617402 96.17224921 93.81040835 99.96916912 102.5249791 78.23470531 109.1335092 129.3105763 139.7601106 163.5933992 183.1327420 191.5463865 195.8866543 217.4581946 237.6007174 261.7177000 268.8846793 295.1474035 311.7240113 331.5823756 365.5947890 377.3036900 394.0445686 402.9798704 417.5077211 448.9818029 464.8078571 594.4042238 755.9538261 1164.880445 1491.666259 2702.996945 2673.042032 2376.658355 2840.609049 2867.852902 2962.355052 2990.462107 3274.088101 3370.604524 3884.355841 4354.170231 4522.409642 4718.705999 5483.433140 5916.771209 5783.664687 6033.583042 6332.226909 6559.084626 7106.651396 7796.737859 7963.426379 8166.138392 10080.91335 10392.90400 10521.88836 10684.12453 11454.92670 11634.84119 11752.46404 12244.05649 12742.83380 12942.88424 14605.05282 14571.63304 14070.89299 15425.94316 16305.90237 17412.00470 18034.49522 19738.21395 21254.33920 22886.06947 23389.59823 26543.98518 27159.15676 29052.15112 30791.67875 41792.62341 43665.67427 47442.49865 49556.70692 58453.37023 71970.78799 80128.74768 82836.66999 95410.65663 100656.1659 106226.7132 107934.4623 110151.2889 117695.2234 142247.4734 150459.4474 156006.3594 179224.8740 202421.9700 259892.3288 306645.8014 336915.5615 447624.8688 624131.1939 698076.6342 871363.0010 1045092.213 1247531.746 1456754.197 1754727.520 1841975.162 1967743.533 2084393.418 2116930.128 2299831.673 2465321.593 2558125.784 2602167.831 2634682.902 2781880.532 3516537.699 4324315.467
      sorted:	 2.496877219 2.777777777 2.777777778 2.777777778 2.777777778 2.777777778 4.561237117 4.820801460 4.865007836 4.884162435 8.457374901 17.72699858 21.89912061 27.08871876 43.48617402 55.27345657 60.08939279 61.28080623 78.23470531 93.81040835 96.17224921 99.96916912 102.5249791 109.1335092 129.3105763 139.7601106 163.5933992 183.1327420 191.5463865 195.8866543 217.4581946 237.6007174 261.7177000 268.8846793 295.1474035 311.7240113 331.5823756 365.5947890 377.3036900 394.0445686 402.9798704 417.5077211 448.9818029 464.8078571 594.4042238 755.9538261 1164.880445 1491.666259 2376.658355 2673.042032 2702.996945 2840.609049 2867.852902 2962.355052 2990.462107 3274.088101 3370.604524 3884.355841 4354.170231 4522.409642 4718.705999 5483.433140 5783.664687 5916.771209 6033.583042 6332.226909 6559.084626 7106.651396 7796.737859 7963.426379 8166.138392 10080.91335 10392.90400 10521.88836 10684.12453 11454.92670 11634.84119 11752.46404 12244.05649 12742.83380 12942.88424 14070.89299 14571.63304 14605.05282 15425.94316 16305.90237 17412.00470 18034.49522 19738.21395 21254.33920 22886.06947 23389.59823 26543.98518 27159.15676 29052.15112 30791.67875 41792.62341 43665.67427 47442.49865 49556.70692 58453.37023 71970.78799 80128.74768 82836.66999 95410.65663 100656.1659 106226.7132 107934.4623 110151.2889 117695.2234 142247.4734 150459.4474 156006.3594 179224.8740 202421.9700 259892.3288 306645.8014 336915.5615 447624.8688 624131.1939 698076.6342 871363.0010 1045092.213 1247531.746 1456754.197 1754727.520 1841975.162 1967743.533 2084393.418 2116930.128 2299831.673 2465321.593 2558125.784 2602167.831 2634682.902 2781880.532 3516537.699 4324315.467
