    unsorted:	 2.777777778 2.777777778 2.777777778 2.777777778 2.777777778 4.883420817 4.868789819 4.821761848 4.571179221 2.662154493 8.919155233 18.44365246 23.55757319 27.78802563 61.61022047 62.02443302 47.30431480 67.18905719 95.93416450 94.55883628 100.8499523 105.2020458 114.1213802 125.1420142 129.7580903 141.4550739 165.6256802 184.4201572 197.0982732 218.8443231 231.9965137 239.9166368 263.4448000 298.5101379 313.9892591 332.7186463 366.0640692 379.8576644 395.8849205 417.5546877 424.2770456 432.2688254 450.6100708 465.4359909 594.8487469 777.3925314 1182.097692 1498.902786 2325.997633 2629.826074 2653.530600 2774.759521 2819.706454 2922.048700 3224.268099 3436.894725 3813.771585 4290.894762 4540.830918 4684.702713 6029.399235 5939.222809 5651.689115 6294.342300 6583.679239 7223.856946 7804.599047 8012.575027 8272.729490 8582.964748 8960.453142 10815.12473 10802.18120 10885.85074 10672.55622 10301.33974 11550.39078 11924.13445 12322.62475 12712.21575 13323.59475 13585.93991 14681.73799 14417.22610 14786.19491 15588.99416 15811.12121 16600.35733 17329.17513 18848.55587 20962.95130 21736.14721 22731.76850 23442.54775 25975.92459 26718.49683 27188.93664 28242.03788 30795.89964 32935.94766 36538.41312 41808.43843 43950.46006 48242.36148 48928.78743 58204.48558 72686.79257 81425.00991 84569.52668 97491.99622 107324.3589 103913.3436 111063.6070 114712.4811 117874.0965 147872.4916 155203.5686 161239.7310 188215.0039 209882.3103 270865.9069 318723.2898 347000.2771 464362.5696 643934.9712 725602.8871 896647.9639 1074879.408 1218091.133 1351198.912 1592815.061 1737044.964 1839097.402 1909477.837 1979658.979 2089453.143 2196860.701 2379582.795 2371170.812 2403549.024 2442086.858 2484096.277 2564576.483 2624016.381 2753302.227 3094016.764 3516693.762 4686098.835
      sorted:	 2.662154493 2.777777778 2.777777778 2.777777778 2.777777778 2.777777778 4.571179221 4.821761848 4.868789819 4.883420817 8.919155233 18.44365246 23.55757319 27.78802563 47.30431480 61.61022047 62.02443302 67.18905719 94.55883628 95.93416450 100.8499523 105.2020458 114.1213802 125.1420142 129.7580903 141.4550739 165.6256802 184.4201572 197.0982732 218.8443231 231.9965137 239.9166368 263.4448000 298.5101379 313.9892591 332.7186463 366.0640692 379.8576644 395.8849205 417.5546877 424.2770456 432.2688254 450.6100708 465.4359909 594.8487469 777.3925314 1182.097692 1498.902786 2325.997633 2629.826074 2653.530600 2774.759521 2819.706454 2922.048700 3224.268099 3436.894725 3813.771585 4290.894762 4540.830918 4684.702713 5651.689115 5939.222809 6029.399235 6294.342300 6583.679239 7223.856946 7804.599047 8012.575027 8272.729490 8582.964748 8960.453142 10301.33974 10672.55622 10802.18120 10815.12473 10885.85074 11550.39078 11924.13445 12322.62475 12712.21575 13323.59475 13585.93991 14417.22610 14681.73799 14786.19491 15588.99416 15811.12121 16600.35733 17329.17513 18848.55587 20962.95130 21736.14721 22731.76850 23442.54775 25975.92459 26718.49683 27188.93664 28242.03788 30795.89964 32935.94766 36538.41312 41808.43843 43950.46006 48242.36148 48928.78743 58204.48558 72686.79257 81425.00991 84569.52668 97491.99622 103913.3436 107324.3589 111063.6070 114712.4811 117874.0965 147872.4916 155203.5686 161239.7310 188215.0039 209882.3103 270865.9069 318723.2898 347000.2771 464362.5696 643934.9712 725602.8871 896647.9639 1074879.408 1218091.133 1351198.912 1592815.061 1737044.964 1839097.402 1909477.837 1979658.979 2089453.143 2196860.701 2371170.812 2379582.795 2403549.024 2442086.858 2484096.277 2564576.483 2624016.381 2753302.227 3094016.764 3516693.762 4686098.835
