    unsorted:	 2.777777778 2.777777777 2.777777777 2.777777777 2.777777778 4.884176327 4.859995898 4.820620155 4.562073630 2.471013081 8.438251543 17.43594554 21.96960119 27.09607382 61.25627288 59.88518381 53.13960930 42.23206409 72.62573735 93.50871743 94.01246175 96.19229375 102.1966364 108.8186576 129.3368562 139.5168087 163.4256431 180.7286991 187.8653965 194.5295965 217.1777330 237.5926396 262.8577706 281.1653204 294.9939287 311.2430267 331.4406852 365.4605200 377.3113085 392.2353228 396.2462214 417.1532339 448.5508894 464.6798451 593.0724343 752.1118985 1161.439216 1491.198201 2662.112592 2717.315607 2384.117631 2853.016332 2876.637624 2919.952115 2996.534682 3284.649709 3482.603329 3816.447101 4187.982274 4608.655292 4715.250038 5024.850607 5714.260691 5969.852231 6058.442317 6380.271953 6710.139523 7033.680607 7139.866995 7954.520929 8172.679201 9736.611762 9960.584479 10329.63137 10726.76273 10688.06234 11723.61622 12206.74353 12270.57345 12522.69364 12781.95743 14590.05441 14686.03197 15416.97372 16008.45514 17870.39465 20091.65851 21568.44131 23064.91363 23477.17338 26552.45692 27106.45192 27826.68997 30790.10708 41506.98423 43649.45246 45463.33239 47525.49684 58085.55008 73078.02164 80683.80160 83561.91245 95729.13002 101106.5365 108061.1588 109547.8341 110858.4093 120968.7919 142453.6187 150602.0746 156822.0750 179367.2070 202405.2809 259916.4086 307145.4582 341948.9419 451564.6072 628294.7156 704461.9367 1159114.661 1500267.951 1847568.853 1943697.572 2077614.741 2202325.782 2236908.795 2413768.026 2599214.789 2709723.247 2740379.079 2770749.002 2923598.717 3643266.445 4375413.426
      sorted:	 2.471013081 2.777777777 2.777777777 2.777777777 2.777777778 2.777777778 4.562073630 4.820620155 4.859995898 4.884176327 8.438251543 17.43594554 21.96960119 27.09607382 42.23206409 53.13960930 59.88518381 61.25627288 72.62573735 93.50871743 94.01246175 96.19229375 102.1966364 108.8186576 129.3368562 139.5168087 163.4256431 180.7286991 187.8653965 194.5295965 217.1777330 237.5926396 262.8577706 281.1653204 294.9939287 311.2430267 331.4406852 365.4605200 377.3113085 392.2353228 396.2462214 417.1532339 448.5508894 464.6798451 593.0724343 752.1118985 1161.439216 1491.198201 2384.117631 2662.112592 2717.315607 2853.016332 2876.637624 2919.952115 2996.534682 3284.649709 3482.603329 3816.447101 4187.982274 4608.655292 4715.250038 5024.850607 5714.260691 5969.852231 6058.442317 6380.271953 6710.139523 7033.680607 7139.866995 7954.520929 8172.679201 9736.611762 9960.584479 10329.63137 10688.06234 10726.76273 11723.61622 12206.74353 12270.57345 12522.69364 12781.95743 14590.05441 14686.03197 15416.97372 16008.45514 17870.39465 20091.65851 21568.44131 23064.91363 23477.17338 26552.45692 27106.45192 27826.68997 30790.10708 41506.98423 43649.45246 45463.33239 47525.49684 58085.55008 73078.02164 80683.80160 83561.91245 95729.13002 101106.5365 108061.1588 109547.8341 110858.4093 120968.7919 142453.6187 150602.0746 156822.0750 179367.2070 202405.2809 259916.4086 307145.4582 341948.9419 451564.6072 628294.7156 704461.9367 1159114.661 1500267.951 1847568.853 1943697.572 2077614.741 2202325.782 2236908.795 2413768.026 2599214.789 2709723.247 2740379.079 2770749.002 2923598.717 3643266.445 4375413.426
