    unsorted:	 2.777777778 2.777777778 2.777777778 2.777777777 2.777777779 4.883435643 4.868378710 4.821787984 4.571332699 2.665693135 8.932016061 18.45494546 23.56480650 27.79339012 61.62280818 62.03282444 47.30326830 67.16573941 94.58279988 95.96145631 101.2193140 105.2976916 114.0808046 124.9622947 129.7496100 141.4548811 165.6253210 184.4189743 197.1128641 218.8427765 232.4617105 239.9546843 263.4463389 298.5086091 313.9880681 332.7095864 366.0638845 379.8621793 384.1612414 395.8981038 417.8468867 429.6896990 450.6056766 465.3722888 594.8414269 777.5182074 1181.843752 1498.891791 2652.456032 2629.752063 2316.691056 2774.098616 2820.231812 2880.048606 2930.039550 3226.073615 3434.391019 3814.746571 4274.022362 4538.915457 4686.058905 5804.124456 5973.896314 6239.945548 6476.088074 6576.307516 7203.961506 7711.700294 7997.454530 8485.218144 8579.150508 9057.211229 10803.98275 10761.81980 10877.51386 10582.69743 10295.78928 11528.72441 11918.23489 12320.61572 12701.09043 13101.30895 13517.24175 14184.88911 14678.97508 14764.19289 15587.43172 15455.52345 16570.38577 16890.50813 18841.29455 20941.27294 21937.29210 22770.38934 23439.71583 25948.30297 26706.56125 27168.52419 28208.96185 30792.35560 32715.22181 36490.65841 41796.45614 43951.82871 48190.77686 48880.86162 58172.29185 72612.44384 81348.75886 84494.49789 97410.82634 103804.7124 107196.9137 110953.0629 114583.5337 117729.5115 147723.9747 155065.0364 161066.2647 188009.7650 209690.3827 270560.7435 318163.8838 345826.0645 463637.5505 643018.0829 724725.2851 898349.3844 1068855.153 1216185.545 1327957.837 1474585.564 1601885.392 1739246.806 1840733.983 1913107.091 1982105.921 2096574.314 2207625.104 2381258.413 2377699.410 2406073.457 2442535.207 2491411.376 2570564.310 2636900.793 2752874.685 3105283.013 3519659.047 4736191.275
      sorted:	 2.665693135 2.777777777 2.777777778 2.777777778 2.777777778 2.777777779 4.571332699 4.821787984 4.868378710 4.883435643 8.932016061 18.45494546 23.56480650 27.79339012 47.30326830 61.62280818 62.03282444 67.16573941 94.58279988 95.96145631 101.2193140 105.2976916 114.0808046 124.9622947 129.7496100 141.4548811 165.6253210 184.4189743 197.1128641 218.8427765 232.4617105 239.9546843 263.4463389 298.5086091 313.9880681 332.7095864 366.0638845 379.8621793 384.1612414 395.8981038 417.8468867 429.6896990 450.6056766 465.3722888 594.8414269 777.5182074 1181.843752 1498.891791 2316.691056 2629.752063 2652.456032 2774.098616 2820.231812 2880.048606 2930.039550 3226.073615 3434.391019 3814.746571 4274.022362 4538.915457 4686.058905 5804.124456 5973.896314 6239.945548 6476.088074 6576.307516 7203.961506 7711.700294 7997.454530 8485.218144 8579.150508 9057.211229 10295.78928 10582.69743 10761.81980 10803.98275 10877.51386 11528.72441 11918.23489 12320.61572 12701.09043 13101.30895 13517.24175 14184.88911 14678.97508 14764.19289 15455.52345 15587.43172 16570.38577 16890.50813 18841.29455 20941.27294 21937.29210 22770.38934 23439.71583 25948.30297 26706.56125 27168.52419 28208.96185 30792.35560 32715.22181 36490.65841 41796.45614 43951.82871 48190.77686 48880.86162 58172.29185 72612.44384 81348.75886 84494.49789 97410.82634 103804.7124 107196.9137 110953.0629 114583.5337 117729.5115 147723.9747 155065.0364 161066.2647 188009.7650 209690.3827 270560.7435 318163.8838 345826.0645 463637.5505 643018.0829 724725.2851 898349.3844 1068855.153 1216185.545 1327957.837 1474585.564 1601885.392 1739246.806 1840733.983 1913107.091 1982105.921 2096574.314 2207625.104 2377699.410 2381258.413 2406073.457 2442535.207 2491411.376 2570564.310 2636900.793 2752874.685 3105283.013 3519659.047 4736191.275
