    unsorted:	 2.777777778 2.777777778 2.777777778 2.777777777 2.777777777 4.883431467 4.868743543 4.821775671 4.571112728 2.661412864 8.918427270 18.42785846 23.55209980 27.78642416 61.60843863 62.03177336 67.12650176 47.28658156 95.92924691 94.56294799 100.7546274 105.0761922 114.0384809 124.8651911 129.7426463 141.4615906 165.6396543 184.4117425 197.0852157 218.8410168 231.6327760 239.9797267 263.4452231 298.5018001 313.9337578 319.1625630 332.9254238 366.0768930 379.8577830 395.9099793 417.8530189 429.9094514 450.6029202 465.3540227 594.8165230 777.4601117 1181.870617 1498.865832 2652.456094 2628.124021 2306.876156 2772.990540 2819.516597 2810.676310 2920.067063 3220.375995 3437.113298 3803.124621 4106.340029 4540.002117 4660.308468 5067.544457 5713.641940 5821.169497 5977.526771 6244.172193 6573.705416 7152.697548 7344.763106 7968.454198 8319.208645 8583.623412 9054.699800 10300.02628 10808.63264 10791.02525 10886.61982 10614.75967 11624.85894 11924.31257 12322.18032 12701.65327 13101.86945 13526.75547 14014.47842 14681.10769 14762.90204 15554.45816 15600.17922 16472.93623 16632.33796 18845.79198 20937.75795 21685.38745 22751.86919 23443.29790 25916.12389 26713.60211 27163.71531 28206.49045 30794.10917 32740.01200 36498.22769 41806.17818 43948.00146 48194.51248 48887.35119 58180.19143 72709.44556 81447.73696 84592.03760 97517.14202 103945.6000 107325.4559 111089.9540 114764.1636 117903.9933 147890.0291 155215.9473 161272.6295 188302.0972 209939.4076 270869.6017 318364.8045 345595.3651 464003.1994 643445.6416 725531.6313 895867.4178 1064801.170 1211843.686 1322821.970 1462898.843 1597200.497 1737710.597 1838476.951 1908478.819 1978620.013 2085870.694 2189253.001 2379019.938 2366839.102 2400265.098 2438609.749 2464163.991 2481726.110 2566437.381 2619161.501 2757298.754 3096536.609 3527594.662 4814383.092
      sorted:	 2.661412864 2.777777777 2.777777777 2.777777778 2.777777778 2.777777778 4.571112728 4.821775671 4.868743543 4.883431467 8.918427270 18.42785846 23.55209980 27.78642416 47.28658156 61.60843863 62.03177336 67.12650176 94.56294799 95.92924691 100.7546274 105.0761922 114.0384809 124.8651911 129.7426463 141.4615906 165.6396543 184.4117425 197.0852157 218.8410168 231.6327760 239.9797267 263.4452231 298.5018001 313.9337578 319.1625630 332.9254238 366.0768930 379.8577830 395.9099793 417.8530189 429.9094514 450.6029202 465.3540227 594.8165230 777.4601117 1181.870617 1498.865832 2306.876156 2628.124021 2652.456094 2772.990540 2810.676310 2819.516597 2920.067063 3220.375995 3437.113298 3803.124621 4106.340029 4540.002117 4660.308468 5067.544457 5713.641940 5821.169497 5977.526771 6244.172193 6573.705416 7152.697548 7344.763106 7968.454198 8319.208645 8583.623412 9054.699800 10300.02628 10614.75967 10791.02525 10808.63264 10886.61982 11624.85894 11924.31257 12322.18032 12701.65327 13101.86945 13526.75547 14014.47842 14681.10769 14762.90204 15554.45816 15600.17922 16472.93623 16632.33796 18845.79198 20937.75795 21685.38745 22751.86919 23443.29790 25916.12389 26713.60211 27163.71531 28206.49045 30794.10917 32740.01200 36498.22769 41806.17818 43948.00146 48194.51248 48887.35119 58180.19143 72709.44556 81447.73696 84592.03760 97517.14202 103945.6000 107325.4559 111089.9540 114764.1636 117903.9933 147890.0291 155215.9473 161272.6295 188302.0972 209939.4076 270869.6017 318364.8045 345595.3651 464003.1994 643445.6416 725531.6313 895867.4178 1064801.170 1211843.686 1322821.970 1462898.843 1597200.497 1737710.597 1838476.951 1908478.819 1978620.013 2085870.694 2189253.001 2366839.102 2379019.938 2400265.098 2438609.749 2464163.991 2481726.110 2566437.381 2619161.501 2757298.754 3096536.609 3527594.662 4814383.092
