    unsorted:	 2.777777777 2.777777777 2.777777777 2.777777778 2.777777778 4.877580329 4.814771789 4.796769195 4.545733554 2.568812792 8.899365860 14.52432075 23.02147286 27.74275807 62.78597701 61.35508076 60.15651651 44.26133367 95.96309220 93.85083252 90.24022995 104.0843435 111.4537575 116.7554326 128.8812795 126.2898603 142.0889528 166.3259169 184.5429301 197.1653146 219.7085279 230.1379145 240.8723076 263.8042863 298.8181923 315.7857262 333.2776681 366.6395839 379.9823679 398.1334164 418.8556215 428.7207423 452.7450549 466.5439547 608.6342960 776.2209414 1181.151447 1496.895175 1549.307656 1581.893456 2110.327073 2139.954153 2495.392076 2510.222928 2605.442785 2614.122504 2707.272080 2795.983025 2817.217452 3007.304703 3496.044379 4416.017368 4267.851474 4507.483851 4776.686159 4974.807473 5177.358287 5631.302073 5858.042111 6018.003412 6535.935656 7181.895087 7790.219571 8058.916428 8340.022362 8413.976724 8964.128445 9771.942285 10296.35306 10381.47140 10948.84953 11088.24197 12187.45818 12313.83471 12739.67394 13012.98981 13585.10249 14071.85705 14177.72690 14638.01870 14618.51895 15715.37195 17611.11835 20776.07792 21078.41072 22520.67496 22845.50397 25503.93447 25974.87561 27113.10558 28091.16805 30717.68003 32962.07129 36109.78881 41263.91718 43712.57194 47625.07108 50410.21106 58801.55074 75746.05332 85791.66553 92381.52401 105290.3863 107646.1910 118121.3298 121357.6649 125596.0090 135821.8695 167628.6967 174058.3789 188521.0864 222986.1481 239824.1878 313506.4301 366752.3668 403243.3250 538993.6168 714543.4052 782645.8696 844573.5912 978187.5446 1075947.385 1144629.100 1217307.917 1298306.835 1420207.940 1561623.597 1608652.678 1637880.794 1717838.860 1769837.541 1881972.001 1956794.967 2011107.136 2066175.799 2118000.059 2162945.572 2202232.083 2323906.341 2337218.606 2608691.771 2740518.714 3479557.998 16051252.33
      sorted:	 2.568812792 2.777777777 2.777777777 2.777777777 2.777777778 2.777777778 4.545733554 4.796769195 4.814771789 4.877580329 8.899365860 14.52432075 23.02147286 27.74275807 44.26133367 60.15651651 61.35508076 62.78597701 90.24022995 93.85083252 95.96309220 104.0843435 111.4537575 116.7554326 126.2898603 128.8812795 142.0889528 166.3259169 184.5429301 197.1653146 219.7085279 230.1379145 240.8723076 263.8042863 298.8181923 315.7857262 333.2776681 366.6395839 379.9823679 398.1334164 418.8556215 428.7207423 452.7450549 466.5439547 608.6342960 776.2209414 1181.151447 1496.895175 1549.307656 1581.893456 2110.327073 2139.954153 2495.392076 2510.222928 2605.442785 2614.122504 2707.272080 2795.983025 2817.217452 3007.304703 3496.044379 4267.851474 4416.017368 4507.483851 4776.686159 4974.807473 5177.358287 5631.302073 5858.042111 6018.003412 6535.935656 7181.895087 7790.219571 8058.916428 8340.022362 8413.976724 8964.128445 9771.942285 10296.35306 10381.47140 10948.84953 11088.24197 12187.45818 12313.83471 12739.67394 13012.98981 13585.10249 14071.85705 14177.72690 14618.51895 14638.01870 15715.37195 17611.11835 20776.07792 21078.41072 22520.67496 22845.50397 25503.93447 25974.87561 27113.10558 28091.16805 30717.68003 32962.07129 36109.78881 41263.91718 43712.57194 47625.07108 50410.21106 58801.55074 75746.05332 85791.66553 92381.52401 105290.3863 107646.1910 118121.3298 121357.6649 125596.0090 135821.8695 167628.6967 174058.3789 188521.0864 222986.1481 239824.1878 313506.4301 366752.3668 403243.3250 538993.6168 714543.4052 782645.8696 844573.5912 978187.5446 1075947.385 1144629.100 1217307.917 1298306.835 1420207.940 1561623.597 1608652.678 1637880.794 1717838.860 1769837.541 1881972.001 1956794.967 2011107.136 2066175.799 2118000.059 2162945.572 2202232.083 2323906.341 2337218.606 2608691.771 2740518.714 3479557.998 16051252.33
