    unsorted:	 2.777777778 2.777777779 2.777777778 2.777777778 2.777777777 4.883554879 4.867260609 4.819887357 4.558985012 2.529229964 8.519546570 18.00428353 21.87201039 27.06478240 61.28857252 60.53055240 57.42850679 44.33172420 96.28340721 94.03498072 85.08314080 102.5704291 108.7053011 110.6572083 129.2697298 139.9315169 163.6929538 183.6354999 193.4265180 208.4773674 217.7146272 237.9650446 263.0485235 295.2525445 311.9290324 324.3538298 331.9374696 365.6155579 377.3014822 394.3939783 409.3566615 418.1141343 449.1515893 464.8588069 595.2037501 760.9778580 1169.928623 1493.033004 2687.466184 2664.311235 2367.184789 2826.596624 2858.574565 2920.822405 2974.794646 3264.856085 3316.917412 3876.803206 4425.334662 4482.875916 4727.773657 5866.271920 5749.066937 6000.395074 6259.621345 6454.866927 6582.700743 7301.044724 7902.022434 7972.704717 8269.877838 9683.328272 10231.44530 10609.60774 10673.62973 10827.79028 11269.85926 11768.62383 12246.55364 12896.82000 12712.19683 12548.01699 13377.38370 14572.21449 14567.14209 15407.94140 15666.30019 16405.22951 18816.04629 20654.87181 22082.65369 22561.22147 23214.20335 23329.15170 26353.38541 26649.67638 27248.26486 30743.62571 41572.86266 43776.01338 47316.37504 48676.23068 58316.67378 71421.29428 79843.59405 82680.75881 95407.32616 100430.0722 104758.5708 107925.8400 109958.4351 116064.2351 142398.2528 150724.5695 155961.8524 179580.5551 202976.3653 260662.9496 307496.4966 337195.2382 447022.5579 624859.4843 697166.5576 879087.2569 1054339.717 1224044.246 1399893.949 1680581.857 1775409.021 1891920.567 1995207.201 2037044.031 2180013.550 2338365.515 2400062.379 2474603.458 2508503.972 2572102.258 2709281.006 2925555.080 3491159.577 4446471.480
      sorted:	 2.529229964 2.777777777 2.777777778 2.777777778 2.777777778 2.777777779 4.558985012 4.819887357 4.867260609 4.883554879 8.519546570 18.00428353 21.87201039 27.06478240 44.33172420 57.42850679 60.53055240 61.28857252 85.08314080 94.03498072 96.28340721 102.5704291 108.7053011 110.6572083 129.2697298 139.9315169 163.6929538 183.6354999 193.4265180 208.4773674 217.7146272 237.9650446 263.0485235 295.2525445 311.9290324 324.3538298 331.9374696 365.6155579 377.3014822 394.3939783 409.3566615 418.1141343 449.1515893 464.8588069 595.2037501 760.9778580 1169.928623 1493.033004 2367.184789 2664.311235 2687.466184 2826.596624 2858.574565 2920.822405 2974.794646 3264.856085 3316.917412 3876.803206 4425.334662 4482.875916 4727.773657 5749.066937 5866.271920 6000.395074 6259.621345 6454.866927 6582.700743 7301.044724 7902.022434 7972.704717 8269.877838 9683.328272 10231.44530 10609.60774 10673.62973 10827.79028 11269.85926 11768.62383 12246.55364 12548.01699 12712.19683 12896.82000 13377.38370 14567.14209 14572.21449 15407.94140 15666.30019 16405.22951 18816.04629 20654.87181 22082.65369 22561.22147 23214.20335 23329.15170 26353.38541 26649.67638 27248.26486 30743.62571 41572.86266 43776.01338 47316.37504 48676.23068 58316.67378 71421.29428 79843.59405 82680.75881 95407.32616 100430.0722 104758.5708 107925.8400 109958.4351 116064.2351 142398.2528 150724.5695 155961.8524 179580.5551 202976.3653 260662.9496 307496.4966 337195.2382 447022.5579 624859.4843 697166.5576 879087.2569 1054339.717 1224044.246 1399893.949 1680581.857 1775409.021 1891920.567 1995207.201 2037044.031 2180013.550 2338365.515 2400062.379 2474603.458 2508503.972 2572102.258 2709281.006 2925555.080 3491159.577 4446471.480
